num_epochs = 30
top_k = 5
num_hops = 3
pg_final_loss = 1.5506343841552734
gnn_test_accuracy = 0.9999999999910714
