num_epochs = 20
top_k = 5
num_hops = 3
pg_final_loss = 1.4534268697102866
gnn_test_accuracy = 0.707999999999292
