num_epochs = 20
top_k = 5
num_hops = 3
pg_final_loss = 1.4043472290039063
gnn_test_accuracy = 0.812999999999187
