num_epochs = 20
top_k = 5
num_hops = 3
pg_final_loss = 1.639427693684896
gnn_test_accuracy = 0.698999999999301
