num_epochs = 40
top_k = 5
num_hops = 3
pg_final_loss = 2.7866625104631697
gnn_test_accuracy = 0.9999999999910714
