num_epochs = 20
top_k = 5
num_hops = 3
pg_final_loss = 1.47198246547154
gnn_test_accuracy = 0.808999999999191
